# Original DenseNAS
ADJOIN_CONNECT_NUMS: [10, 10, 10, 10, 10, 10, 10]
NET_SCALE:
    CHS: [32,
        48, 56, 64,
        72, 96, 112,
        128, 144, 160, 176, 192, 208, 224,
        240, 256, 272, 288, 480, 496, 512]
    FM_SIZES: [128,
        64, 64, 64,
        32, 32, 32,
        16, 16, 16, 16, 16, 16, 16,
        8,  8,  8,  8,  8,  8,  8]
    STAGE: [0,
        1, 1, 1,
        2, 2, 2,
        3, 3, 3, 3, 4, 4, 4,
        5, 5, 5, 5, 6, 6, 6,
        7]
    NUM_LAYERS: [0,
          0, 0, 0,
          5, 5, 5,
          15, 15, 15, 15, 5, 5, 5,
          5, 5, 5, 5, 1, 1, 1]


# Modified DenseNAS
ADJOIN_CONNECT_NUMS: [7, 7, 7, 7, 7, 7]
NET_SCALE:
  CHS: [256,
        12, 18, 24,
        30, 36, 42,
        64, 72, 80,
        128, 144, 160]
  FM_SIZES: [64,
             64, 64, 64,
             32, 32, 32,
             16, 16, 16,
             8,  8,  8]
  STAGE: [0,
          1, 1, 1,
          2, 2, 2,
          3, 3, 3,
          4, 4, 4
          5]
  NUM_LAYERS: [0,
               4, 4, 4,
               4, 4, 4,
               4, 4, 4,
               4, 4, 4]
               
# HRNet NAS
ADJOIN_CONNECT_NUMS: [7, 7, 7, 7, 7]
NET_SCALE:
    CHS: [256,
          18, 36,
          18, 36, 72,
          18, 36, 72, 144,
          18, 36, 72, 144]
    FM_SIZES: [64,
               64, 32,
               64, 32, 16,
               64, 32, 16, 8,
               64, 32, 16, 8]
    STAGE: [0,
            1, 1,
            2, 2, 2,
            3, 3, 3, 3,
            4, 4, 4, 4]
    NUM_LAYERS: [4,
                 4, 4,
                 4, 4, 4,
                 4, 4, 4, 4,
                 0, 0, 0, 0]
